0000010010010000000000000000000000000000000000000000000000000000
0000000010010000011000100000001000000000000000000000000000000000
0100000011101100000000010000001101100000000000000000000000100000
0100000011000100000000010000001101100000000000000000000000100000
0000011010100000000000000000001000000000000000000000000000000000
0000000010010000011000100000001000001000000000000000000000000000
0100000011001100000000010000001101100001100000000000000000100000
0100000010111100000000010000001101100001100000000000000000100000
0100000100100100000000100000010000011000000000000000000000100000
0000000010010000011000100000001000010000000000000000000000000000
0000000110101000000000000000000000000000000000000000001110000000
0000000110101000000000000000000000000000000000000000001110000000
0000000010010000000100000100001100000000000000000000000000000000
0000000010010000011000001000001000000000000000000000000000000000
0000000010010000010000010000001010100000100000000000000000000000
0100000011100100000000010000000000000000000000000000000000100000
0000001010000000000000000000000000000111000000000000000000000000
0000001010001000000000000000000000000110000000000000000000000000
0100101100001100000110000000000000000001000000000000000000100000
0100101100001100000110000000000000000001000000000000000000100000
0000000010010000010110000100101100000000000000000000000000000000
0000000010010000010110000100101011000000100000000000000000000000
0000000010010000000100000100000010000000100000000000000000000000
0000000010000010000000100000000000011011000000000000000000000000
0000000010001010000000100000000000011010000000000000000000000000
0000001011001010000000000000000000000101000000000000000000000000
0000000110101000000000000000000000000000000000000000001000000000
0000000010010000011001000000000000000001000000000000000000000000
0000001011100010010010000000100000000101000000000000000000000000
0000001011101010000000000000000000000100000000000000000000000000
0000000010010000000101000010000000000001000000000000000000000000
0000000010010000011001000000000000000000000000000000000000000000
1000000100000000100000000000000000000000000000000000000000000000
0000001100001010000000000000000000000101000000000000000000000000
0100000100101100010000000001010000000000000000000100000000100000
0000000100000001000001000000000000000001000000000000000000000000
0000001100100010000000000000000000000101000000000000000000000000
0000001100101010000000000000000000000101000000000000000000000000
0000000100010000000101000010000000000001000000000000000000000000
0000000101000000001001000000000000000001011100000000000000000000
0000100110011000010000000001010000000000000000000100000000000000
0000001101001000000000000000000000000111000000000000000000000000
0000000110010000000000000000000000000000000000000000000000001001
0000000101101010000000000000000000000001000000000010000000000000
0000001101100000000000000000000000000111000000000000000000000000
0100000101100100010000000001010000000000000000001100000000100000
0100000110100100000000000000000000000000000000000000100000100000
0000000110101000000000000000000000000000000000000000001100000000
0000000110101000000000000000000000000000000000000000001010000000
0000100110111010000000000000000000000001011010000001000000000000
0000000111000100000000000000000000000000000000000000000001000010
0000000010010000000000000000000000000000000000000000000000000000
0000001110100010000000000000000000000101000000000000000000000000
0000100110111010000000000000000000000001010010000001010000000000
0000000010010000000101000010000000000001000000000000000000000000
0100000101001100010000000001010000000000000000001100000000100000
0000001111000010000000000000000000000101000000000000000000000000
0000000000000000000000000000000000000000000000000000000000000000
0010000111100000000000000000000000000000000000000000000000000000
0000000010010000010000000001010000000000000001011100000000000000
0000001111100000000000000000000000000111000000000000000000000000
0000000000000000000000000000000000000000000000000000000000000000
0001000000000100000001000000000000000001000000000000000000000100
0000000110111000010000000001010000000000000000110100000000000000
