0001001001000000000000000000000000000000000000000000000
0000001001000001100010000000100000000000000000000000000
0100001110110000000001000000110110000000000000000000000
0100001100010000000001000000110110000000000000000000000
0001101010000000000000000000100000000000000000000000000
0000001001000001100010000000100000100000000000000000000
0100001100110000000001000000110110000110000000000000000
0100001011110000000001000000110110000110000000000000000
0100010010010000000010000001000001100000000000000000000
0000001001000001100010000000100001000000000000000000000
0000011010100000000000000000000000000000000000000000110
0000011010100000000000000000000000000000000000000000110
0000001001000000010000010000110000000000000000000000000
0000001001000001100000100000100000000000000000000000000
0000001001000001000001000000101010000010000000000000000
0100001110010000000001000000000000000000000000000000000
0000101000000000000000000000000000011100000000000000000
0000101000100000000000000000000000011000000000000000000
0110110000110000011000000000000000000100000000000000000
0110110000110000011000000000000000000100000000000000000
0000001001000001011000010010110000000000000000000000000
0000001001000001011000010010101100000010000000000000000
0000001001000000010000010000001000000010000000000000000
0000001000001000000010000000000001101100000000000000000
0000001000101000000010000000000001101000000000000000000
0000101100101000000000000000000000010100000000000000000
0000000000000000000000000000000000000000000000000000000
0000001001000001100100000000000000000100000000000000000
0000101110001001001000000010000000010100000000000000000
0000101110101000000000000000000000010000000000000000000
0000001001000000010100001000000000000100000000000000000
0000001001000001100100000000000000000000000000000000000
1000010000000010000000000000000000000000000000000000000
0000110000101000000000000000000000010100000000000000000
0100010010110001000000000101000000000000000000010000000
0000010000000100000100000000000000000100000000000000000
0000110010001000000000000000000000010100000000000000000
0000110010101000000000000000000000010100000000000000000
0000010001000000010100001000000000000100000000000000000
0000010100000000100100000000000000000101110000000000000
0010011001100001000000000101000000000000000000010000000
0000110100100000000000000000000000011100000000000000000
0000000000000000000000000000000000000000000000000000000
0000010110101000000000000000000000000100000000001000000
0000110110000000000000000000000000011100000000000000000
0100010110010001000000000101000000000000000000110000000
0100011010010000000000000000000000000000000000000010000
0000011010100000000000000000000000000000000000000000100
0000011010100000000000000000000000000000000000000000101
0010011011101000000000000000000000000101101000000100000
0000000000000000000000000000000000000000000000000000000
0000001001000000000000000000000000000000000000000000000
0000111010001000000000000000000000010100000000000000000
0010011011101000000000000000000000000101001000000101000
0000001001000000010100001000000000000100000000000000000
0100010100110001000000000101000000000000000000110000000
0000000000000000000000000000000000000000000000000000000
0000000000000000000000000000000000000000000000000000000
0000000000000000000000000000000000000000000000000000000
0000001001000001000000000101000000000000000101110000000
0000000000000000000000000000000000000000000000000000000
0000000000000000000000000000000000000000000000000000000
0000000000000000000000000000000000000000000000000000000
0000011011100001000000000101000000000000000011010000000
